v1 <- c("A001", "A002", "A003")
v2 <- c(20000, 30000, 40000)

product <-data.frame(v1,v2)
product
